layout_spectrum: 0.8995703
color:
  saturation: 0.2626208
  brandStrength: 0.9124597
  lightness: 0.06605798
  rhythmicContrast: 0.7943072
typography_spectrum: 0.02416755
name: GiantGingerDad
